vi,ji,e,v,k_R,k_Rerr,k_Q,k_Qerr,P0
0.0,0,300.0,0.0,0.0,0.0,3.6242672293469936e-09,2.789482307262585e-12,2.5783073963181686
0.0,0,300.0,1.0,0.0,0.0,3.920510996576493e-12,1.999713012077482e-12,2.5783073963181686
0.0,0,300.0,2.0,0.0,0.0,1.6017736733411869e-12,1.228359744236201e-12,2.5783073963181686
0.0,0,300.0,3.0,0.0,0.0,1.852272233869438e-12,1.3459900460467001e-12,2.5783073963181686
0.0,0,300.0,4.0,0.0,0.0,1.181221129261551e-12,1.1809975391930615e-12,2.5783073963181686
0.0,0,300.0,5.0,0.0,0.0,2.0124354914149327e-13,2.0120691024470339e-13,2.5783073963181686
0.0,0,300.0,6.0,0.0,0.0,0.0,0.0,2.5783073963181686
0.0,0,600.0,0.0,0.0,0.0,5.119009688451603e-09,3.866152127518313e-12,3.6462772878400167
0.0,0,600.0,1.0,0.0,0.0,7.059815948459665e-12,2.381491778669331e-12,3.6462772878400167
0.0,0,600.0,2.0,0.0,0.0,2.6810333175657904e-12,1.4757464045064246e-12,3.6462772878400167
0.0,0,600.0,3.0,0.0,0.0,2.8110126790028454e-12,1.5239054306235192e-12,3.6462772878400167
0.0,0,600.0,4.0,0.0,0.0,1.4357320382080777e-12,8.999687894407131e-13,3.6462772878400167
0.0,0,600.0,5.0,0.0,0.0,3.365813000316308e-13,3.3654594847499434e-13,3.6462772878400167
0.0,0,600.0,6.0,0.0,0.0,2.459316705188184e-13,2.4590632916825944e-13,3.6462772878400167
0.0,0,1500.0,0.0,0.0,0.0,6.1773223740336705e-09,8.133853498993943e-12,5.765270605057916
0.0,0,1500.0,1.0,0.0,0.0,2.0594877413279672e-11,5.702952501157439e-12,5.765270605057916
0.0,0,1500.0,2.0,0.0,0.0,9.132398750155087e-12,3.799189033963756e-12,5.765270605057916
0.0,0,1500.0,3.0,0.0,0.0,4.934064258446564e-12,2.6326374684828844e-12,5.765270605057916
0.0,0,1500.0,4.0,0.0,0.0,3.5376237009799894e-12,2.423131094167338e-12,5.765270605057916
0.0,0,1500.0,5.0,0.0,0.0,8.779338153083344e-13,8.667044162362503e-13,5.765270605057916
0.0,0,1500.0,6.0,0.0,0.0,0.0,0.0,5.765270605057916
0.0,0,1500.0,7.0,0.0,0.0,4.805269666730718e-14,4.8043594915796936e-14,5.765270605057916
0.0,0,3000.0,0.0,0.0,0.0,6.396903742105234e-09,1.1220848565929364e-11,8.153323880423844
0.0,0,3000.0,1.0,0.0,0.0,3.043894944694556e-11,7.715338165718617e-12,8.153323880423844
0.0,0,3000.0,2.0,0.0,0.0,1.517896669348767e-11,4.997373049529186e-12,8.153323880423844
0.0,0,3000.0,3.0,0.0,0.0,6.689764844804595e-12,3.2407692430058992e-12,8.153323880423844
0.0,0,3000.0,4.0,0.0,0.0,3.4105306855949e-12,2.087015073535485e-12,8.153323880423844
0.0,0,3000.0,5.0,0.0,0.0,1.94534568326488e-12,1.5776309976131352e-12,8.153323880423844
0.0,0,3000.0,6.0,0.0,0.0,9.741685372832993e-13,7.689024296428528e-13,8.153323880423844
0.0,0,3000.0,7.0,0.0,0.0,1.8983809045787103e-13,1.6464058135497431e-13,8.153323880423844
0.0,0,3000.0,8.0,0.0,0.0,1.482780197981488e-13,1.4825064688310853e-13,8.153323880423844
0.0,0,6000.0,0.0,0.0,0.0,7.25025566470677e-09,2.4020969382212304e-11,11.530541210115832
0.0,0,6000.0,1.0,0.0,0.0,3.7762712739549875e-10,2.204566812897465e-11,11.530541210115832
0.0,0,6000.0,2.0,0.0,0.0,1.8762596586106534e-11,5.036580458482663e-12,11.530541210115832
0.0,0,6000.0,3.0,0.0,0.0,1.0112012254191395e-11,3.2438120939057498e-12,11.530541210115832
0.0,0,6000.0,4.0,0.0,0.0,6.820053968203749e-12,2.4929374975846583e-12,11.530541210115832
0.0,0,6000.0,5.0,0.0,0.0,2.587364260293032e-12,1.3066513628099749e-12,11.530541210115832
0.0,0,6000.0,6.0,0.0,0.0,1.419836130157849e-12,8.257742636972625e-13,11.530541210115832
0.0,0,6000.0,7.0,0.0,0.0,4.31400674233182e-13,3.621631096830991e-13,11.530541210115832
0.0,0,6000.0,8.0,0.0,0.0,1.8151368695298518e-13,1.814848121796793e-13,11.530541210115832
0.0,0,6000.0,9.0,0.0,0.0,3.6359736085322715e-14,2.570284595626139e-14,11.530541210115832
0.0,0,6000.0,10.0,0.0,0.0,0.0,0.0,11.530541210115832
0.0,0,10000.0,0.0,0.0,0.0,5.214590564124516e-09,3.384441484079499e-11,14.885864693178979
0.0,0,10000.0,1.0,9.661067641629123e-15,9.659927759890549e-15,1.3612800057960402e-09,3.347056545345023e-11,14.885864693178979
0.0,0,10000.0,2.0,0.0,0.0,3.2968602168748436e-11,5.336912210308312e-12,14.885864693178979
0.0,0,10000.0,3.0,0.0,0.0,9.953781076821168e-12,2.7674826696524867e-12,14.885864693178979
0.0,0,10000.0,4.0,0.0,0.0,5.992522532429998e-12,2.0673404923383808e-12,14.885864693178979
0.0,0,10000.0,5.0,0.0,0.0,3.1842423729039533e-12,1.3849962355597125e-12,14.885864693178979
0.0,0,10000.0,6.0,0.0,0.0,2.0737457929229013e-12,1.0115378945149241e-12,14.885864693178979
0.0,0,10000.0,7.0,0.0,0.0,1.3156997574506454e-12,6.382256980178881e-13,14.885864693178979
0.0,0,10000.0,8.0,0.0,0.0,4.2755477717971014e-13,2.349338156372382e-13,14.885864693178979
0.0,0,10000.0,9.0,0.0,0.0,4.062676674343299e-13,2.7564982031418156e-13,14.885864693178979
0.0,0,10000.0,10.0,0.0,0.0,2.522032461151084e-13,1.7991394311321774e-13,14.885864693178979
0.0,0,10000.0,11.0,0.0,0.0,3.88069216041921e-14,3.880166670417614e-14,14.885864693178979
0.0,0,10000.0,12.0,0.0,0.0,0.0,0.0,14.885864693178979
0.0,0,15000.0,0.0,1.7532712139970255e-13,1.3185519634695447e-13,3.27056693777485e-09,3.077724798351538e-11,18.231386439200083
0.0,0,15000.0,1.0,2.7068719187538823e-13,1.985484593949082e-13,1.4047704061180394e-09,2.979876365965437e-11,18.231386439200083
0.0,0,15000.0,2.0,2.949680014135255e-13,2.0633235140235733e-13,4.977043081263532e-10,1.7430298209102634e-11,18.231386439200083
0.0,0,15000.0,3.0,1.5783143129703773e-13,1.1775638036679025e-13,1.1073214763150483e-11,2.4664406094571774e-12,18.231386439200083
0.0,0,15000.0,4.0,1.4193388247094408e-13,1.281816376064896e-13,4.091694247383836e-12,1.6097690653115338e-12,18.231386439200083
0.0,0,15000.0,5.0,2.9730779586841966e-13,2.1058080941714242e-13,3.657579356029429e-12,1.3724449841433968e-12,18.231386439200083
0.0,0,15000.0,6.0,1.8614694789468633e-13,1.417517767161063e-13,1.7249298557516462e-12,8.855840807704577e-13,18.231386439200083
0.0,0,15000.0,7.0,5.797801900870516e-14,4.843817799404505e-14,1.3874279485285611e-12,7.300115182914105e-13,18.231386439200083
0.0,0,15000.0,8.0,1.0211040977479232e-13,8.205433446077044e-14,1.1667930978383827e-12,6.349668715868299e-13,18.231386439200083
0.0,0,15000.0,9.0,6.19412210592838e-14,5.975372151248383e-14,4.651527015068938e-13,3.460068939760739e-13,18.231386439200083
0.0,0,15000.0,10.0,4.513729313913024e-14,4.513164829391392e-14,2.506102597836954e-13,2.0058021755776782e-13,18.231386439200083
0.0,0,15000.0,11.0,3.1813179577904455e-14,3.1809236832819887e-14,3.1757370419654447e-13,2.2586215098062952e-13,18.231386439200083
0.0,0,15000.0,12.0,1.7913094826530244e-15,1.7911095039214324e-15,2.535608443412295e-13,2.1651432282090905e-13,18.231386439200083
0.0,0,15000.0,13.0,0.0,0.0,1.4344424317249282e-13,1.4342642072811083e-13,18.231386439200083
0.0,0,15000.0,14.0,0.0,0.0,6.41111707160319e-14,6.41031528616906e-14,18.231386439200083
0.0,0,15000.0,15.0,0.0,0.0,0.0,0.0,18.231386439200083
0.0,0,15000.0,16.0,0.0,0.0,0.0,0.0,18.231386439200083
0.0,0,15000.0,17.0,0.0,0.0,0.0,0.0,18.231386439200083
0.0,0,20000.0,0.0,1.245330242757382e-12,2.4791147952150115e-13,2.387570283051143e-09,2.0723578758567485e-11,21.051791736744523
0.0,0,20000.0,1.0,1.0542182129330518e-12,2.2967352635637217e-13,1.1934129102111387e-09,1.9566979663828456e-11,21.051791736744523
0.0,0,20000.0,2.0,8.856769384034071e-13,2.159820042581192e-13,6.073388561708151e-10,1.1314108458435482e-11,21.051791736744523
0.0,0,20000.0,3.0,7.025706488620699e-13,1.9185766631419005e-13,2.310335206745838e-10,5.6338662899366014e-12,21.051791736744523
0.0,0,20000.0,4.0,6.345090248517545e-13,1.8228704583221076e-13,6.6228100744526445e-12,8.777113166600145e-13,21.051791736744523
0.0,0,20000.0,5.0,5.189747128246249e-13,1.6284553037011538e-13,3.1912793727273893e-12,5.227074958745802e-13,21.051791736744523
0.0,0,20000.0,6.0,4.58877178015275e-13,1.4910542242725803e-13,1.9962049514425355e-12,3.889560347144698e-13,21.051791736744523
0.0,0,20000.0,7.0,3.2057841668587855e-13,1.302286906300633e-13,1.5272544784774499e-12,3.413926575354456e-13,21.051791736744523
0.0,0,20000.0,8.0,2.3317777236925677e-13,1.0539919317798577e-13,1.0748645869343809e-12,2.762387458867653e-13,21.051791736744523
0.0,0,20000.0,9.0,2.5118038215081323e-13,1.0954344315012258e-13,5.972850738557134e-13,2.0562290053473475e-13,21.051791736744523
0.0,0,20000.0,10.0,1.6461820455448218e-13,8.637805818389139e-14,3.522140996460979e-13,1.3358240340998124e-13,21.051791736744523
0.0,0,20000.0,11.0,1.6413836438686477e-13,9.292782349760507e-14,2.532202149420218e-13,1.1339847089977477e-13,21.051791736744523
0.0,0,20000.0,12.0,7.389956166175882e-14,5.3514281748890216e-14,1.5677400581662348e-13,8.885783888255708e-14,21.051791736744523
0.0,0,20000.0,13.0,7.90558932340911e-14,4.54904022812357e-14,8.116336749369164e-14,5.967878328520976e-14,21.051791736744523
0.0,0,20000.0,14.0,3.925182958379886e-14,3.609364363956397e-14,5.5468549437158036e-14,4.8513069845442e-14,21.051791736744523
0.0,0,20000.0,15.0,3.672133445608709e-14,2.4643318823018212e-14,2.2103046896546174e-14,2.0114222894129583e-14,21.051791736744523
0.0,0,20000.0,16.0,0.0,0.0,0.0,0.0,21.051791736744523
0.0,0,20000.0,17.0,0.0,0.0,0.0,0.0,21.051791736744523
0.0,0,20000.0,18.0,0.0,0.0,0.0,0.0,21.051791736744523
0.0,0,20000.0,19.0,0.0,0.0,0.0,0.0,21.051791736744523
0.0,0,20000.0,20.0,0.0,0.0,0.0,0.0,21.051791736744523
0.0,0,25000.0,0.0,1.4115969606627043e-12,1.9960280402689466e-13,1.7272002371846052e-09,7.319233665715154e-12,23.536618685764555
0.0,0,25000.0,1.0,9.334525830490442e-13,1.6462671985219795e-13,1.0889658983014832e-09,7.313168133947079e-12,23.536618685764555
0.0,0,25000.0,2.0,7.398733796145204e-13,1.5165606082984856e-13,5.782807739433139e-10,4.99897243254485e-12,23.536618685764555
0.0,0,25000.0,3.0,5.724667442111243e-13,1.3438289602386418e-13,3.1511631773368155e-10,3.385767434137645e-12,23.536618685764555
0.0,0,25000.0,4.0,4.576155821151621e-13,1.1762761741072478e-13,8.969759939064984e-11,1.7481410121587802e-12,23.536618685764555
0.0,0,25000.0,5.0,4.1547397255037375e-13,1.156941302004534e-13,3.474802446669482e-12,3.6526606502035623e-13,23.536618685764555
0.0,0,25000.0,6.0,3.3620792472093706e-13,9.472889375125109e-14,1.2582031354670536e-12,2.235591932806911e-13,23.536618685764555
0.0,0,25000.0,7.0,2.7594384044673983e-13,9.129212787374146e-14,8.74966512797961e-13,1.8293674458446894e-13,23.536618685764555
0.0,0,25000.0,8.0,2.0955472389567397e-13,7.652051111768954e-14,6.203208418436514e-13,1.4982538569967749e-13,23.536618685764555
0.0,0,25000.0,9.0,1.4230687809046394e-13,6.254789186888555e-14,3.4733021050135435e-13,1.1023042804788266e-13,23.536618685764555
0.0,0,25000.0,10.0,1.197068466082557e-13,5.2967531062692275e-14,2.565244436062915e-13,9.207505779482852e-14,23.536618685764555
0.0,0,25000.0,11.0,8.363734399051569e-14,4.283137956837346e-14,1.2376100104059565e-13,5.818152841685802e-14,23.536618685764555
0.0,0,25000.0,12.0,8.674341112922699e-14,4.515731705196963e-14,6.46857795156131e-14,3.972232512156508e-14,23.536618685764555
0.0,0,25000.0,13.0,5.697148460368956e-14,3.6973798943412126e-14,3.6191659531312826e-14,2.95018251137248e-14,23.536618685764555
0.0,0,25000.0,14.0,2.7633408060696794e-14,2.0827281782385795e-14,1.2793397270288989e-14,1.2793258644956825e-14,23.536618685764555
0.0,0,25000.0,15.0,5.335656736157767e-15,5.335601765373319e-15,1.6606461696400735e-14,1.660628420013689e-14,23.536618685764555
0.0,0,25000.0,16.0,0.0,0.0,0.0,0.0,23.536618685764555
0.0,0,25000.0,17.0,0.0,0.0,0.0,0.0,23.536618685764555
0.0,0,25000.0,18.0,0.0,0.0,0.0,0.0,23.536618685764555
0.0,0,25000.0,19.0,0.0,0.0,0.0,0.0,23.536618685764555
0.0,0,25000.0,20.0,0.0,0.0,0.0,0.0,23.536618685764555
0.0,0,30000.0,0.0,1.21214855956466e-11,1.42245200854067e-12,2.3073756835532512e-09,2.591638345034441e-11,25.783073963181685
0.0,0,30000.0,1.0,1.7096581969228029e-12,6.609192610011511e-13,1.0047850441018075e-09,2.499005129529468e-11,25.783073963181685
0.0,0,30000.0,2.0,1.5534700524082377e-12,6.730216582062543e-13,5.247961073846958e-10,1.6442156753502418e-11,25.783073963181685
0.0,0,30000.0,3.0,1.090114931174273e-12,5.250707148721724e-13,3.1783109088191875e-10,1.1646216126034325e-11,25.783073963181685
0.0,0,30000.0,4.0,1.0455865626175205e-12,4.793587491325967e-13,1.7728523309301454e-10,8.066094473402804e-12,25.783073963181685
0.0,0,30000.0,5.0,4.818897247890187e-13,2.628274863810708e-13,7.751411765105561e-11,4.956897318694812e-12,25.783073963181685
0.0,0,30000.0,6.0,4.4523332640173945e-13,3.2540239223175166e-13,6.844250306515088e-12,1.3924909327752756e-12,25.783073963181685
0.0,0,30000.0,7.0,4.216926616635605e-13,2.6316292902237165e-13,5.91805567672898e-13,3.517467122623266e-13,25.783073963181685
0.0,0,30000.0,8.0,3.126571992459276e-13,2.2886323675719297e-13,4.897796264821469e-13,3.6497583377279817e-13,25.783073963181685
0.0,0,30000.0,9.0,2.3653195665081886e-13,1.8076779874063131e-13,3.577204480342418e-13,3.2732239836164135e-13,25.783073963181685
0.0,0,30000.0,10.0,6.772793054053308e-14,6.17299817891167e-14,3.1590898204893316e-13,2.561550933044403e-13,25.783073963181685
0.0,0,30000.0,11.0,1.7945030014759462e-14,1.7943002691113923e-14,1.985231953608966e-13,1.9850159268123438e-13,25.783073963181685
0.0,0,30000.0,12.0,6.26331671673062e-15,6.262625210604669e-15,1.190634106629156e-13,1.1905011285587981e-13,25.783073963181685
0.0,0,30000.0,13.0,0.0,0.0,0.0,0.0,25.783073963181685
0.0,0,30000.0,14.0,0.0,0.0,0.0,0.0,25.783073963181685
0.0,0,30000.0,16.0,0.0,0.0,0.0,0.0,25.783073963181685
0.0,0,30000.0,17.0,0.0,0.0,0.0,0.0,25.783073963181685
0.0,0,40000.0,0.0,2.0944976389097214e-11,2.5695012030916443e-12,2.5793671991862262e-09,2.529192769455985e-11,29.771729386357958
0.0,0,40000.0,1.0,1.8110687770038748e-11,2.21624404945992e-12,9.28954302080763e-10,2.451094293308435e-11,29.771729386357958
0.0,0,40000.0,2.0,1.5405357051755243e-11,2.038755543389849e-12,4.698174532926719e-10,1.5584592605229556e-11,29.771729386357958
0.0,0,40000.0,3.0,1.0718901438877673e-11,1.5700730098947711e-12,2.84319002444382e-10,1.132186076580699e-11,29.771729386357958
0.0,0,40000.0,4.0,9.034870389651879e-12,1.3881985050114978e-12,1.823813729696742e-10,8.314277411128653e-12,29.771729386357958
0.0,0,40000.0,5.0,8.699738477624642e-12,1.215964183492762e-12,1.1665090340463976e-10,6.179664520646852e-12,29.771729386357958
0.0,0,40000.0,6.0,4.4842291277629655e-12,6.835775968215318e-13,7.007131714070992e-11,4.450612177234996e-12,29.771729386357958
0.0,0,40000.0,7.0,5.646462715820399e-13,2.444670664524711e-13,3.56074400814376e-11,2.9456212303668896e-12,29.771729386357958
0.0,0,40000.0,8.0,1.849438887882683e-14,1.8492524055138823e-14,1.4434676426058219e-11,1.705648438139527e-12,29.771729386357958
0.0,0,40000.0,9.0,3.696433060621177e-14,3.077897550810054e-14,2.055021372124352e-12,6.80816780674761e-13,29.771729386357958
0.0,0,40000.0,10.0,1.1874882319823335e-14,1.1873686400356098e-14,1.1874882319823335e-14,1.1873686400356098e-14,29.771729386357958
0.0,0,40000.0,11.0,2.374976463964667e-14,1.6790236886854805e-14,2.37928937521884e-14,2.3790493218080274e-14,29.771729386357958
0.0,0,40000.0,17.0,0.0,0.0,0.0,0.0,29.771729386357958
1.0,0,300.0,0.0,0.0,0.0,2.2678961799861773e-09,9.099485737179933e-12,2.5783073963181686
1.0,0,300.0,1.0,0.0,0.0,1.0165266193501976e-09,1.0240245919830227e-11,2.5783073963181686
1.0,0,300.0,2.0,0.0,0.0,1.7396252348894873e-12,5.767344732593775e-13,2.5783073963181686
1.0,0,300.0,3.0,0.0,0.0,1.622386757798872e-12,5.566379376463899e-13,2.5783073963181686
1.0,0,300.0,4.0,0.0,0.0,7.534623124696695e-13,3.757288230993535e-13,2.5783073963181686
1.0,0,300.0,5.0,0.0,0.0,3.6481840569617405e-13,2.519743617184328e-13,2.5783073963181686
1.0,0,300.0,6.0,0.0,0.0,2.0995852596121911e-13,1.6650304582443803e-13,2.5783073963181686
1.0,0,300.0,7.0,0.0,0.0,2.6214536291193867e-13,2.0020389217074247e-13,2.5783073963181686
1.0,0,300.0,8.0,0.0,0.0,1.9614485094963528e-13,1.9613778500883456e-13,2.5783073963181686
1.0,0,300.0,9.0,0.0,0.0,0.0,0.0,2.5783073963181686
1.0,0,300.0,10.0,0.0,0.0,0.0,0.0,2.5783073963181686
1.0,0,600.0,0.0,0.0,0.0,3.2140150897401196e-09,1.6686834295160778e-11,3.6462772878400167
1.0,0,600.0,1.0,0.0,0.0,1.4180842095274353e-09,1.8683384074019157e-11,3.6462772878400167
1.0,0,600.0,2.0,0.0,0.0,8.692872207453214e-12,2.0026453360906853e-12,3.6462772878400167
1.0,0,600.0,3.0,0.0,0.0,5.188739280843126e-12,1.542076227390893e-12,3.6462772878400167
1.0,0,600.0,4.0,0.0,0.0,3.76919419470449e-12,1.3075356759046775e-12,3.6462772878400167
1.0,0,600.0,5.0,0.0,0.0,2.3980406101606978e-12,1.0229404821116398e-12,3.6462772878400167
1.0,0,600.0,6.0,0.0,0.0,1.2324736011629594e-12,7.244604778310485e-13,3.6462772878400167
1.0,0,600.0,7.0,0.0,0.0,8.143295264842158e-13,5.808731671473649e-13,3.6462772878400167
1.0,0,600.0,8.0,0.0,0.0,3.902498939342777e-13,3.0456835545885914e-13,3.6462772878400167
1.0,0,600.0,9.0,0.0,0.0,0.0,0.0,3.6462772878400167
1.0,0,600.0,10.0,0.0,0.0,0.0,0.0,3.6462772878400167
1.0,0,1500.0,0.0,0.0,0.0,4.080177001811848e-09,2.521307019486758e-11,5.765270605057916
1.0,0,1500.0,1.0,0.0,0.0,1.9157723652622874e-09,2.8031506004378237e-11,5.765270605057916
1.0,0,1500.0,2.0,0.0,0.0,1.2395729983349298e-11,2.8168296564046967e-12,5.765270605057916
1.0,0,1500.0,3.0,0.0,0.0,7.418656905922787e-12,2.2064701224727197e-12,5.765270605057916
1.0,0,1500.0,4.0,0.0,0.0,5.421400714788976e-12,1.8599890623428453e-12,5.765270605057916
1.0,0,1500.0,5.0,0.0,0.0,3.4233614307870603e-12,1.3411302706446307e-12,5.765270605057916
1.0,0,1500.0,6.0,0.0,0.0,2.0123202613008424e-12,1.0146952038091013e-12,5.765270605057916
1.0,0,1500.0,7.0,0.0,0.0,8.757384526824788e-13,5.101049179105882e-13,5.765270605057916
1.0,0,1500.0,8.0,0.0,0.0,4.2843697279958326e-13,2.7915219379071545e-13,5.765270605057916
1.0,0,1500.0,9.0,0.0,0.0,1.9097053116716705e-13,1.9095879531791104e-13,5.765270605057916
1.0,0,1500.0,10.0,0.0,0.0,0.0,0.0,5.765270605057916
1.0,0,1500.0,11.0,0.0,0.0,0.0,0.0,5.765270605057916
1.0,0,3000.0,0.0,0.0,0.0,3.9621975304950814e-09,3.749973162153384e-11,8.153323880423844
1.0,0,3000.0,1.0,0.0,0.0,2.073356588233425e-09,4.0331899221726134e-11,8.153323880423844
1.0,0,3000.0,2.0,0.0,0.0,2.4494381023872885e-11,5.625414999595151e-12,8.153323880423844
1.0,0,3000.0,3.0,0.0,0.0,1.0584832672557639e-11,3.5650813417952795e-12,8.153323880423844
1.0,0,3000.0,4.0,0.0,0.0,6.253477700866618e-12,2.758057213310004e-12,8.153323880423844
1.0,0,3000.0,5.0,0.0,0.0,3.7354999082182994e-12,1.7367843069498494e-12,8.153323880423844
1.0,0,3000.0,6.0,0.0,0.0,2.081208902954885e-12,1.1671224859647502e-12,8.153323880423844
1.0,0,3000.0,7.0,0.0,0.0,6.176487682361597e-13,3.8072719793988193e-13,8.153323880423844
1.0,0,3000.0,8.0,0.0,0.0,3.43703650514813e-13,3.050543401806751e-13,8.153323880423844
1.0,0,3000.0,9.0,0.0,0.0,3.3766281101508716e-13,2.3490395306155993e-13,8.153323880423844
1.0,0,3000.0,13.0,0.0,0.0,0.0,0.0,8.153323880423844
1.0,0,6000.0,0.0,0.0,0.0,3.6716152903609217e-09,4.656099860583077e-11,11.530541210115832
1.0,0,6000.0,1.0,9.569068017249116e-14,9.567862941312274e-14,3.561763220134221e-09,4.898259195119889e-11,11.530541210115832
1.0,0,6000.0,2.0,4.663291245449869e-14,4.2456350202827464e-14,1.9058818471067214e-10,1.4526209202665722e-11,11.530541210115832
1.0,0,6000.0,3.0,4.0932859835341686e-14,4.092757647167523e-14,1.557352664839661e-11,4.605259487135644e-12,11.530541210115832
1.0,0,6000.0,4.0,2.363834519286167e-14,2.3635408570054774e-14,7.48066557251552e-12,2.8209371946380904e-12,11.530541210115832
1.0,0,6000.0,5.0,0.0,0.0,3.800719730945447e-12,1.6416188850490222e-12,11.530541210115832
1.0,0,6000.0,6.0,8.111209606763391e-14,8.110172298100482e-14,2.965333071625793e-12,1.3423405991760244e-12,11.530541210115832
1.0,0,6000.0,7.0,0.0,0.0,1.5541061074951933e-12,8.76718848426903e-13,11.530541210115832
1.0,0,6000.0,8.0,0.0,0.0,6.506556563694278e-13,4.377132501504662e-13,11.530541210115832
1.0,0,6000.0,9.0,0.0,0.0,7.745224174332484e-13,4.90157467043683e-13,11.530541210115832
1.0,0,6000.0,10.0,0.0,0.0,2.80645307972838e-13,2.3213671840133225e-13,11.530541210115832
1.0,0,6000.0,11.0,0.0,0.0,6.457120502820336e-14,6.456298504172999e-14,11.530541210115832
1.0,0,6000.0,12.0,0.0,0.0,8.426502861416808e-14,8.425435577813257e-14,11.530541210115832
1.0,0,6000.0,13.0,0.0,0.0,3.0757263217647917e-14,3.0753527569301185e-14,11.530541210115832
1.0,0,6000.0,15.0,0.0,0.0,0.0,0.0,11.530541210115832
1.0,0,10000.0,0.0,4.4400433543228364e-13,2.9447299808676943e-13,2.3794229155218756e-09,4.145870242963763e-11,14.885864693178979
1.0,0,10000.0,1.0,5.745926660697032e-13,3.2611313472691956e-13,4.14388780281057e-09,4.07328816873267e-11,14.885864693178979
1.0,0,10000.0,2.0,7.85538364826484e-13,4.241782516696304e-13,8.077693866358399e-10,2.870109308682553e-11,14.885864693178979
1.0,0,10000.0,3.0,3.882397766900026e-13,2.1757346166446186e-13,3.3134859523557926e-11,5.214365575991283e-12,14.885864693178979
1.0,0,10000.0,4.0,2.0736243744081741e-13,1.465902222821037e-13,7.773018863502803e-12,2.6779796060992312e-12,14.885864693178979
1.0,0,10000.0,5.0,2.362843956860782e-13,1.6209368147915417e-13,4.872370341779433e-12,1.9361169511717465e-12,14.885864693178979
1.0,0,10000.0,6.0,2.2628113260774896e-13,1.4764827645099702e-13,3.180182588223905e-12,1.4692805377981763e-12,14.885864693178979
1.0,0,10000.0,7.0,2.3928177780202316e-13,1.9002439024777277e-13,1.6417910078547322e-12,7.055854893113102e-13,14.885864693178979
1.0,0,10000.0,8.0,5.974261381112483e-14,5.973534894652556e-14,9.219041203776995e-13,5.966949411738826e-13,14.885864693178979
1.0,0,10000.0,9.0,9.08232853687343e-14,9.08120879841525e-14,6.197696906827738e-13,4.3104623251002237e-13,14.885864693178979
1.0,0,10000.0,10.0,2.147890374836549e-13,1.8996713030201652e-13,3.222172023396287e-13,2.7660023245384934e-13,14.885864693178979
1.0,0,10000.0,11.0,1.2603063624491734e-13,1.260144691997026e-13,1.5786368861645682e-13,1.463250370822979e-13,14.885864693178979
1.0,0,10000.0,12.0,9.446833973897706e-14,9.445622370723156e-14,3.1405451814087225e-13,2.644261652191745e-13,14.885864693178979
1.0,0,10000.0,13.0,2.9871306905562414e-14,2.986767447326278e-14,1.5610002244234124e-13,1.5608014616056615e-13,14.885864693178979
1.0,0,10000.0,14.0,7.940962890850314e-14,7.939936064326225e-14,4.915198639282619e-14,4.9146085439999503e-14,14.885864693178979
1.0,0,10000.0,15.0,1.3891745532195503e-14,1.3890174334369724e-14,6.347845684530885e-14,6.347025496442375e-14,14.885864693178979
1.0,0,10000.0,18.0,0.0,0.0,0.0,0.0,14.885864693178979
1.0,0,15000.0,0.0,2.0432505108827497e-12,7.922655374692663e-13,1.6620227424240962e-09,3.4421821665381e-11,18.231386439200083
1.0,0,15000.0,1.0,1.5953506344573345e-12,6.762134894724716e-13,2.258757920747292e-09,3.4179217515254105e-11,18.231386439200083
1.0,0,15000.0,2.0,1.3128979259920042e-12,6.237021300430321e-13,1.1015687473600615e-09,2.995217153557682e-11,18.231386439200083
1.0,0,15000.0,3.0,1.1627241970838767e-12,5.026875728754938e-13,4.223415220892476e-10,1.7848299886531657e-11,18.231386439200083
1.0,0,15000.0,4.0,8.895344423885878e-13,4.651458490920988e-13,2.0629793542300935e-11,3.645652526100701e-12,18.231386439200083
1.0,0,15000.0,5.0,7.222278079484075e-13,4.0128224774243056e-13,4.453474646336328e-12,1.7328593604435854e-12,18.231386439200083
1.0,0,15000.0,6.0,5.796147557486368e-13,3.4751290003610207e-13,2.5524956872926012e-12,1.2415219962002591e-12,18.231386439200083
1.0,0,15000.0,7.0,4.0691981287886946e-13,2.7204123003639015e-13,2.4843006276274053e-12,1.131180147645136e-12,18.231386439200083
1.0,0,15000.0,8.0,2.443666507684944e-13,1.8464442310152075e-13,1.7840478872719006e-12,9.401823002220746e-13,18.231386439200083
1.0,0,15000.0,9.0,3.0771289674768266e-13,2.3946906281735816e-13,8.091465862761836e-13,4.79638753934841e-13,18.231386439200083
1.0,0,15000.0,10.0,1.8353642270904133e-13,1.7086177709045144e-13,7.609515033304055e-13,4.556339601918689e-13,18.231386439200083
1.0,0,15000.0,11.0,1.262249951597142e-13,1.0647489004518904e-13,3.3191333602445817e-13,3.002418558063685e-13,18.231386439200083
1.0,0,15000.0,12.0,1.6326611403938892e-13,1.2509083431680946e-13,2.310293306867836e-13,1.7817088796306364e-13,18.231386439200083
1.0,0,15000.0,13.0,9.383426927608818e-14,9.382283211294464e-14,1.1927007607865233e-13,1.1925547856427666e-13,18.231386439200083
1.0,0,15000.0,14.0,1.606556284601528e-13,1.606365923052829e-13,1.606556284601528e-13,1.606365923052829e-13,18.231386439200083
1.0,0,15000.0,15.0,0.0,0.0,0.0,0.0,18.231386439200083
1.0,0,15000.0,16.0,0.0,0.0,0.0,0.0,18.231386439200083
1.0,0,15000.0,17.0,0.0,0.0,0.0,0.0,18.231386439200083
1.0,0,20000.0,0.0,3.584133868580043e-12,1.0491945499460974e-12,1.4142322351367269e-09,3.1682722254943316e-11,21.051791736744523
1.0,0,20000.0,1.0,3.212129348088297e-12,9.723497257103832e-13,2.1501420580400872e-09,3.169555214638601e-11,21.051791736744523
1.0,0,20000.0,2.0,2.299123605415546e-12,8.152984427204344e-13,9.899952033930972e-10,2.7425435859266103e-11,21.051791736744523
1.0,0,20000.0,3.0,1.8044234125567423e-12,7.182428951281085e-13,5.307107161090472e-10,1.890039090777186e-11,21.051791736744523
1.0,0,20000.0,4.0,1.4622455714595513e-12,6.46409880841086e-13,2.1836606425611215e-10,1.141016258697748e-11,21.051791736744523
1.0,0,20000.0,5.0,1.2932461118683795e-12,5.654172670617626e-13,1.648737246885143e-11,2.674362860879643e-12,21.051791736744523
1.0,0,20000.0,6.0,7.24015100849571e-13,4.2793304472897756e-13,2.8508960941859075e-12,1.2882258369203947e-12,21.051791736744523
1.0,0,20000.0,7.0,7.736280022597087e-13,4.051729872726118e-13,1.8848396846036664e-12,1.0624194747535672e-12,21.051791736744523
1.0,0,20000.0,8.0,4.390747723156104e-13,3.3466496165612517e-13,1.04939086680989e-12,6.117293474277263e-13,21.051791736744523
1.0,0,20000.0,9.0,3.4453336331744107e-13,2.394608076327846e-13,1.1025562378308173e-12,6.327147192115321e-13,21.051791736744523
1.0,0,20000.0,10.0,1.350934833101279e-13,1.2702807096020475e-13,5.547007030482491e-13,4.198673573840479e-13,21.051791736744523
1.0,0,20000.0,11.0,3.4735613499399256e-13,2.7886964618348534e-13,4.788104113697744e-13,3.910625380382754e-13,21.051791736744523
1.0,0,20000.0,12.0,6.365190652872012e-14,6.364409192369832e-14,2.525029365215507e-13,2.4182361450519096e-13,21.051791736744523
1.0,0,20000.0,13.0,3.077568056564114e-13,2.364873976212946e-13,3.009639407280941e-13,2.482426467410969e-13,21.051791736744523
1.0,0,20000.0,14.0,1.9582598996537634e-13,1.6866983144357355e-13,1.0855610550195462e-13,1.0854995672629897e-13,21.051791736744523
1.0,0,20000.0,15.0,0.0,0.0,0.0,0.0,21.051791736744523
1.0,0,20000.0,16.0,0.0,0.0,0.0,0.0,21.051791736744523
1.0,0,20000.0,18.0,0.0,0.0,0.0,0.0,21.051791736744523
1.0,0,25000.0,0.0,2.906750224393994e-11,1.0008659576862538e-12,8.097213774454273e-10,6.223077002969065e-12,23.536618685764555
1.0,0,25000.0,1.0,8.760949270843628e-12,5.822640866370211e-13,6.260934900227039e-10,5.738878591312163e-12,23.536618685764555
1.0,0,25000.0,2.0,4.100445541054745e-12,4.2664079440494215e-13,5.473076882285164e-10,5.455193979440911e-12,23.536618685764555
1.0,0,25000.0,3.0,3.0448796817536046e-12,3.6273523285385277e-13,4.5040571157333094e-10,5.0493668554521e-12,23.536618685764555
1.0,0,25000.0,4.0,2.185570709442505e-12,3.1060326799459773e-13,3.2000373410129817e-10,4.323376412548865e-12,23.536618685764555
1.0,0,25000.0,5.0,1.82777113264941e-12,2.970912287075695e-13,1.434918059582294e-10,2.7452851841931164e-12,23.536618685764555
1.0,0,25000.0,6.0,1.4273372028984512e-12,2.509666679888041e-13,1.5289560378573862e-11,8.180302863541672e-13,23.536618685764555
1.0,0,25000.0,7.0,1.0860413527687719e-12,2.211363837604703e-13,2.5501347940368656e-12,3.61561426355004e-13,23.536618685764555
1.0,0,25000.0,8.0,8.533008163783697e-13,1.9293010215314376e-13,1.6660260973153832e-12,2.932200671226235e-13,23.536618685764555
1.0,0,25000.0,9.0,6.802148303961502e-13,1.7557584862173014e-13,1.0254449359129881e-12,2.231882726607406e-13,23.536618685764555
1.0,0,25000.0,10.0,5.097814350430831e-13,1.4300110921962036e-13,5.985033574564941e-13,1.7163154504855962e-13,23.536618685764555
1.0,0,25000.0,11.0,3.9515481141407487e-13,1.3044771365010993e-13,3.1891906373519914e-13,1.2085397579110491e-13,23.536618685764555
1.0,0,25000.0,12.0,3.100649411378646e-13,1.1116732487269429e-13,2.4599114147724483e-13,1.0075848197647034e-13,23.536618685764555
1.0,0,25000.0,13.0,1.8081351451168515e-13,8.494406984649113e-14,1.1045147043000372e-13,6.416597247086084e-14,23.536618685764555
1.0,0,25000.0,14.0,1.0882175775215542e-13,4.695104156113867e-14,2.7761533660394492e-14,2.2738628733540454e-14,23.536618685764555
1.0,0,25000.0,15.0,4.0542826469906555e-14,3.1854150145571345e-14,2.5790819234875264e-14,2.5790518984700814e-14,23.536618685764555
1.0,0,25000.0,16.0,0.0,0.0,0.0,0.0,23.536618685764555
1.0,0,25000.0,17.0,0.0,0.0,0.0,0.0,23.536618685764555
1.0,0,25000.0,18.0,0.0,0.0,0.0,0.0,23.536618685764555
1.0,0,25000.0,19.0,0.0,0.0,0.0,0.0,23.536618685764555
1.0,0,25000.0,20.0,0.0,0.0,0.0,0.0,23.536618685764555
1.0,0,30000.0,0.0,8.463433604042386e-11,5.239060750893195e-12,1.194135161488936e-09,2.8217080054731008e-11,25.783073963181685
1.0,0,30000.0,1.0,6.473854174190106e-11,4.350540803756808e-12,2.736313367951275e-09,2.8707473973765175e-11,25.783073963181685
1.0,0,30000.0,2.0,4.425327901253163e-11,3.1979382194521144e-12,7.735688832220255e-10,2.3031957361128e-11,25.783073963181685
1.0,0,30000.0,3.0,2.3714780997724124e-11,2.0425669347551955e-12,4.3598343232625016e-10,1.6489888805393408e-11,25.783073963181685
1.0,0,30000.0,4.0,3.686743231228352e-12,7.547985539677051e-13,2.6167422824681247e-10,1.1714752005618337e-11,25.783073963181685
1.0,0,30000.0,5.0,4.819662216708236e-13,3.5370542885861833e-13,1.6239198960696308e-10,8.96214110706214e-12,25.783073963181685
1.0,0,30000.0,6.0,1.4723365368721706e-13,1.0408829778617522e-13,7.731749986197398e-11,5.820872786287825e-12,25.783073963181685
1.0,0,30000.0,7.0,7.361682684360853e-14,7.360918442196547e-14,2.2674912347814306e-11,2.900283694405391e-12,25.783073963181685
1.0,0,30000.0,8.0,1.0960687254059855e-13,1.0959557547217517e-13,6.440725916527319e-13,4.203569186930544e-13,25.783073963181685
1.0,0,30000.0,9.0,8.88305680899989e-14,6.279958240605788e-14,7.361682684360853e-14,7.360918442196547e-14,25.783073963181685
1.0,0,30000.0,10.0,1.5468317515075909e-13,1.546671078475738e-13,5.978978654595161e-13,5.115118989433911e-13,25.783073963181685
1.0,0,30000.0,11.0,7.396040360932037e-14,6.535241012173238e-14,4.460151165105814e-14,4.459683619513555e-14,25.783073963181685
1.0,0,30000.0,12.0,1.178747617289548e-13,1.178625156365911e-13,0.0,0.0,25.783073963181685
1.0,0,30000.0,14.0,2.230075582552907e-14,2.2298418097567776e-14,1.480509468166648e-14,1.480354918401817e-14,25.783073963181685
1.0,0,40000.0,0.0,1.671756615456642e-11,2.451931135826508e-12,1.1635118876494097e-09,2.893250827188909e-11,29.771729386357958
1.0,0,40000.0,1.0,2.231278144682519e-11,2.699233343645929e-12,2.2427384197385063e-09,2.9869226996656655e-11,29.771729386357958
1.0,0,40000.0,2.0,2.2147650161998046e-11,2.6932171867628214e-12,7.941727060886188e-10,2.54918737626343e-11,29.771729386357958
1.0,0,40000.0,3.0,2.1529184228479547e-11,2.648163257448047e-12,4.080161691122291e-10,1.648517683893134e-11,29.771729386357958
1.0,0,40000.0,4.0,1.7522415262902196e-11,2.4907531177263766e-12,2.5205729050142524e-10,1.2288231506990625e-11,29.771729386357958
1.0,0,40000.0,5.0,1.6469296452897573e-11,2.426331568016375e-12,1.6471246686729596e-10,9.354595687129395e-12,29.771729386357958
1.0,0,40000.0,6.0,1.5391907101517864e-11,2.2992689656043914e-12,1.0710078886523853e-10,7.243976035886061e-12,29.771729386357958
1.0,0,40000.0,7.0,1.6582168748982502e-11,2.195059699509863e-12,7.473005560131744e-11,5.697155428658759e-12,29.771729386357958
1.0,0,40000.0,8.0,1.5080545936065313e-11,1.8857052498577432e-12,5.092949556579378e-11,4.350307066832594e-12,29.771729386357958
1.0,0,40000.0,9.0,1.135403725235808e-11,1.5728766296210335e-12,3.0001342185524494e-11,3.2395110784540457e-12,29.771729386357958
1.0,0,40000.0,10.0,8.00910845118931e-12,1.1349899162183646e-12,1.5381583243553766e-11,2.0982970839445334e-12,29.771729386357958
1.0,0,40000.0,11.0,5.989089382874337e-12,9.429276077068294e-13,5.758850137364415e-12,1.0382660232626427e-12,29.771729386357958
1.0,0,40000.0,12.0,2.7568019272746167e-12,4.914545480650872e-13,5.837117144516962e-13,2.1296837014016506e-13,29.771729386357958
1.0,0,40000.0,13.0,4.864261280716985e-14,7.967051878464527e-15,1.3146652110045905e-15,1.3145332893534627e-15,29.771729386357958
1.0,0,40000.0,14.0,0.0,0.0,0.0,0.0,29.771729386357958
1.0,0,40000.0,16.0,0.0,0.0,0.0,0.0,29.771729386357958
2.0,0,300.0,0.0,3.9218251638425246e-14,3.921689608300468e-14,1.546016898820596e-09,1.1436603771532512e-11,2.5783073963181686
2.0,0,300.0,1.0,0.0,0.0,9.561928184097983e-10,1.0950540454656823e-11,2.5783073963181686
2.0,0,300.0,2.0,0.0,0.0,7.527394353905912e-10,7.555122527223872e-12,2.5783073963181686
2.0,0,300.0,3.0,3.114423815008356e-14,3.1143169572150115e-14,3.9921923918524994e-13,2.487270057370616e-13,2.5783073963181686
2.0,0,300.0,4.0,2.3563528791421556e-14,2.356271320452581e-14,1.4871638929339737e-13,1.0599078748547236e-13,2.5783073963181686
2.0,0,300.0,5.0,0.0,0.0,2.8570176176279915e-13,2.042630351077759e-13,2.5783073963181686
2.0,0,300.0,6.0,3.114423815008356e-14,3.1143169572150115e-14,1.5638072619357614e-13,1.56375337898899e-13,2.5783073963181686
2.0,0,300.0,7.0,1.9609125819212623e-14,1.960844804150234e-14,5.479037071346702e-14,4.330115938789262e-14,2.5783073963181686
2.0,0,300.0,8.0,0.0,0.0,1.7252541089861292e-13,1.1276115159581198e-13,2.5783073963181686
2.0,0,300.0,9.0,0.0,0.0,7.835389950488857e-14,7.835119407360557e-14,2.5783073963181686
2.0,0,300.0,11.0,0.0,0.0,0.0,0.0,2.5783073963181686
2.0,0,600.0,0.0,6.766413807972082e-14,6.765700465098562e-14,2.1913912716912765e-09,2.8224121693977138e-11,3.6462772878400167
2.0,0,600.0,1.0,8.338469312827786e-14,8.33760266320607e-14,1.3838873953424339e-09,2.7167097716161267e-11,3.6462772878400167
2.0,0,600.0,2.0,7.594602077747799e-14,7.59380327658043e-14,6.656244097579742e-10,1.6928277946827736e-11,3.6462772878400167
2.0,0,600.0,3.0,0.0,0.0,2.3799846173080955e-12,1.308953235410155e-12,3.6462772878400167
2.0,0,600.0,4.0,8.01939179257809e-14,8.018547988952667e-14,1.9267379001438247e-12,1.1333947103820872e-12,3.6462772878400167
2.0,0,600.0,5.0,0.0,0.0,7.813865921804782e-13,5.698984200084662e-13,3.6462772878400167
2.0,0,600.0,6.0,0.0,0.0,1.2239884393117857e-12,9.281190245698408e-13,3.6462772878400167
2.0,0,600.0,7.0,0.0,0.0,7.166308969999658e-13,7.165560237884821e-13,3.6462772878400167
2.0,0,600.0,8.0,2.1158426088615236e-14,2.1156194069400353e-14,7.983740557898623e-13,7.388264541302824e-13,3.6462772878400167
2.0,0,600.0,9.0,0.0,0.0,0.0,0.0,3.6462772878400167
2.0,0,600.0,10.0,3.7973010388738994e-14,3.796901638290215e-14,1.5258902290902865e-13,1.525728997636509e-13,3.6462772878400167
2.0,0,600.0,11.0,0.0,0.0,0.0,0.0,3.6462772878400167
2.0,0,1500.0,0.0,1.3040616694252771e-14,1.3039276101425352e-14,2.478066173831897e-09,3.3483849286763345e-11,5.765270605057916
2.0,0,1500.0,1.0,0.0,0.0,1.6140952969932088e-09,3.2133993832647405e-11,5.765270605057916
2.0,0,1500.0,2.0,1.8173731548447349e-13,1.4865498557883406e-13,4.562860415238033e-10,2.0098102631550146e-11,5.765270605057916
2.0,0,1500.0,3.0,1.676463295811956e-13,1.6762786131811735e-13,5.8170409466559844e-12,2.3207134229619603e-12,5.765270605057916
2.0,0,1500.0,4.0,1.1286398505488517e-13,7.978913656694682e-14,3.926591622473848e-12,1.8743367431198946e-12,5.765270605057916
2.0,0,1500.0,5.0,0.0,0.0,3.2197818294399453e-12,1.7319741528778332e-12,5.765270605057916
2.0,0,1500.0,6.0,9.83827594592187e-14,9.837185885273993e-14,1.4352414307553469e-12,8.34750475911448e-13,5.765270605057916
2.0,0,1500.0,7.0,1.8106747477780622e-13,1.8104759243811679e-13,1.9246824827278905e-12,1.348937098054156e-12,5.765270605057916
2.0,0,1500.0,8.0,0.0,0.0,7.709839307754932e-13,6.317545089055925e-13,5.765270605057916
2.0,0,1500.0,9.0,0.0,0.0,8.388920364635593e-13,6.598710993004268e-13,5.765270605057916
2.0,0,1500.0,10.0,2.8215996263721294e-14,2.8212858189278655e-14,6.406000598390974e-14,6.405281659442504e-14,5.765270605057916
2.0,0,1500.0,11.0,0.0,0.0,1.9162868287031188e-13,1.9160723689054946e-13,5.765270605057916
2.0,0,1500.0,12.0,0.0,0.0,1.6945727226925933e-13,1.6943838582343623e-13,5.765270605057916
2.0,0,3000.0,0.0,1.6281823444107314e-13,1.6279975250863486e-13,2.7413104184858216e-09,4.04454291170375e-11,8.153323880423844
2.0,0,3000.0,1.0,1.4374061992748997e-13,1.4372416677312023e-13,1.9227927904221483e-09,3.872027901324021e-11,8.153323880423844
2.0,0,3000.0,2.0,6.383036772500112e-14,6.382279726091412e-14,1.3140404643408275e-09,2.9646223901227326e-11,8.153323880423844
2.0,0,3000.0,3.0,1.2766073545000224e-13,9.024835795189438e-14,1.1691235107666576e-11,3.5702862631563755e-12,8.153323880423844
2.0,0,3000.0,4.0,2.795770973137701e-13,2.795447960652218e-13,7.062817532933105e-12,2.7558848612902283e-12,8.153323880423844
2.0,0,3000.0,5.0,1.9077614513583203e-14,1.9075585735514662e-14,5.280365974782364e-12,2.402397626446622e-12,8.153323880423844
2.0,0,3000.0,6.0,1.8888914966335744e-13,1.3912205703430542e-13,2.2678489956037783e-12,1.2946917018816168e-12,8.153323880423844
2.0,0,3000.0,7.0,8.49057675748871e-14,8.489572133837618e-14,1.6651206833473117e-12,1.1047193871257367e-12,8.153323880423844
2.0,0,3000.0,8.0,1.0265843836446352e-13,1.0264668918692982e-13,7.677659569550399e-13,6.013828715929785e-13,8.153323880423844
2.0,0,3000.0,9.0,9.241140074525821e-14,9.240082217965531e-14,5.116197242230815e-13,3.593221793554095e-13,8.153323880423844
2.0,0,3000.0,10.0,8.49057675748871e-14,8.489572133837618e-14,3.0833205162806813e-13,2.727624678284927e-13,8.153323880423844
2.0,0,3000.0,11.0,0.0,0.0,7.436806764994411e-14,7.435925929964515e-14,8.153323880423844
2.0,0,3000.0,12.0,0.0,0.0,7.2997365425527e-14,6.095423499082722e-14,8.153323880423844
2.0,0,3000.0,14.0,0.0,0.0,0.0,0.0,8.153323880423844
2.0,0,3000.0,17.0,0.0,0.0,0.0,0.0,8.153323880423844
2.0,0,6000.0,0.0,1.3375711984556304e-12,7.38317347593108e-13,2.488007085430538e-09,4.5146564486414183e-11,11.530541210115832
2.0,0,6000.0,1.0,9.25430775856215e-13,4.859361508907609e-13,2.296963922720211e-09,4.5078344980943363e-11,11.530541210115832
2.0,0,6000.0,2.0,1.00940831815336e-12,5.434986617321735e-13,2.3353687665466823e-09,4.294484447130841e-11,11.530541210115832
2.0,0,6000.0,3.0,6.92172695223365e-13,5.364324954625151e-13,1.341776190050172e-10,1.2048933141584159e-11,11.530541210115832
2.0,0,6000.0,4.0,7.555235368638777e-13,4.619596592873928e-13,9.938638282633082e-12,3.5745578030516014e-12,11.530541210115832
2.0,0,6000.0,5.0,5.736385306991105e-13,4.822467549153241e-13,4.659666994597096e-12,2.009854222565285e-12,11.530541210115832
2.0,0,6000.0,6.0,6.320913806994014e-13,3.891597741122619e-13,2.945610704291424e-12,1.4211999090081778e-12,11.530541210115832
2.0,0,6000.0,7.0,1.848019735358421e-13,1.8477952118068012e-13,2.6174349020502577e-12,1.3191453083169454e-12,11.530541210115832
2.0,0,6000.0,8.0,1.8761516273358285e-13,1.3263124977800076e-13,1.2047229002332522e-12,7.744674653223622e-13,11.530541210115832
2.0,0,6000.0,9.0,2.027755203876093e-13,2.0275058603753042e-13,1.2080858579052888e-12,6.379886501460783e-13,11.530541210115832
2.0,0,6000.0,10.0,2.139998637005583e-13,2.139757957857658e-13,3.2930326220412454e-13,3.1231462987524204e-13,11.530541210115832
2.0,0,6000.0,11.0,6.206414833742219e-14,6.205655685695377e-14,2.299510993651834e-13,2.299232925258486e-13,11.530541210115832
2.0,0,6000.0,12.0,1.8606194154781492e-13,1.8604094782885673e-13,3.736771042813977e-13,3.736329867362923e-13,11.530541210115832
2.0,0,6000.0,14.0,0.0,0.0,0.0,0.0,11.530541210115832
2.0,0,6000.0,15.0,0.0,0.0,0.0,0.0,11.530541210115832
2.0,0,10000.0,0.0,2.7189699597922175e-12,1.0274857335693899e-12,1.6746031765601129e-09,3.77194560459905e-11,14.885864693178979
2.0,0,10000.0,1.0,2.2168414791143294e-12,8.434011844940989e-13,1.8859154830938236e-09,4.325416439909557e-11,14.885864693178979
2.0,0,10000.0,2.0,1.8692421392155e-12,8.06341061012712e-13,3.986703898629275e-09,4.1293846320818786e-11,14.885864693178979
2.0,0,10000.0,3.0,1.2013074926205004e-12,6.155500450533585e-13,5.639242935710471e-10,2.5565203024120285e-11,14.885864693178979
2.0,0,10000.0,4.0,9.702330775908823e-13,5.696508061893441e-13,4.112080174923037e-11,6.091107090198171e-12,14.885864693178979
2.0,0,10000.0,5.0,1.0878123306557922e-12,5.927684762727838e-13,6.0383646030959896e-12,2.0628757895343717e-12,14.885864693178979
2.0,0,10000.0,6.0,7.259140043329688e-13,5.24801384457055e-13,4.5083994057023886e-12,1.8703233404035978e-12,14.885864693178979
2.0,0,10000.0,7.0,3.9702991337135776e-13,2.5055306039892204e-13,2.1848861666792846e-12,1.2387304604717131e-12,14.885864693178979
2.0,0,10000.0,8.0,3.1246504812369825e-13,2.5546776746128355e-13,1.4350875171012799e-12,8.848425566425915e-13,14.885864693178979
2.0,0,10000.0,9.0,6.02069579267293e-13,4.683747926923465e-13,1.2333512768735646e-12,6.997799604112437e-13,14.885864693178979
2.0,0,10000.0,10.0,6.173953958063464e-14,6.173178092027344e-14,9.006272404585072e-13,6.496098100120115e-13,14.885864693178979
2.0,0,10000.0,11.0,1.4188900186959324e-13,1.4187202366373598e-13,4.601048849482978e-13,3.2807564597641883e-13,14.885864693178979
2.0,0,10000.0,12.0,1.353742889608313e-13,1.353576961421393e-13,3.9288817096110725e-13,3.476245949701348e-13,14.885864693178979
2.0,0,10000.0,13.0,1.9432180666931283e-14,1.3737365627085475e-14,1.543488489515866e-14,1.543294523006836e-14,14.885864693178979
2.0,0,10000.0,14.0,1.9432180666931283e-14,1.9429874860851742e-14,2.009074169129514e-14,2.0088272560484573e-14,14.885864693178979
2.0,0,10000.0,15.0,0.0,0.0,0.0,0.0,14.885864693178979
2.0,0,10000.0,16.0,0.0,0.0,0.0,0.0,14.885864693178979
2.0,0,10000.0,17.0,0.0,0.0,0.0,0.0,14.885864693178979
2.0,0,10000.0,18.0,0.0,0.0,0.0,0.0,14.885864693178979
2.0,0,15000.0,0.0,5.892131150151172e-12,1.5119050327032666e-12,1.1756348844199888e-09,2.923611140397379e-11,18.231386439200083
2.0,0,15000.0,1.0,3.760992679350046e-12,1.19441054779502e-12,1.368075864776854e-09,3.459907782343259e-11,18.231386439200083
2.0,0,15000.0,2.0,2.742273440326394e-12,1.0302132962031796e-12,2.179831541322544e-09,3.3936932408109505e-11,18.231386439200083
2.0,0,15000.0,3.0,2.2642989132948674e-12,9.275776210077501e-13,9.554496819194264e-10,2.953742673818526e-11,18.231386439200083
2.0,0,15000.0,4.0,1.994580787305229e-12,8.557115428814033e-13,3.452065078871893e-10,1.7082249485057302e-11,18.231386439200083
2.0,0,15000.0,5.0,1.2785732828889426e-12,6.593046458521389e-13,3.4024071356169225e-11,4.459861123480824e-12,18.231386439200083
2.0,0,15000.0,6.0,1.0585181875110157e-12,5.624148085948686e-13,3.488790437121406e-12,1.5711153549607272e-12,18.231386439200083
2.0,0,15000.0,7.0,1.0252542776585788e-12,5.865292211630046e-13,2.838006413258693e-12,1.337818322628376e-12,18.231386439200083
2.0,0,15000.0,8.0,8.047594342482964e-13,5.375286304565743e-13,1.825200443451044e-12,1.037611366470527e-12,18.231386439200083
2.0,0,15000.0,9.0,5.754571710888788e-13,4.2351442163446195e-13,1.064372034212814e-12,6.624543009089846e-13,18.231386439200083
2.0,0,15000.0,10.0,4.937936049009748e-13,3.496532584460873e-13,6.004836515148146e-13,4.873765775382916e-13,18.231386439200083
2.0,0,15000.0,11.0,1.6382386085989712e-13,1.3555670675190541e-13,6.90402696721167e-13,5.671149545508445e-13,18.231386439200083
2.0,0,15000.0,12.0,2.119365139054293e-13,1.6331858829444152e-13,2.2253263229667882e-13,1.7002049462860624e-13,18.231386439200083
2.0,0,15000.0,13.0,2.074362960594274e-14,2.074129768197315e-14,4.2501855500819356e-13,4.2497405743648515e-13,18.231386439200083
2.0,0,15000.0,14.0,2.983313480533386e-13,2.495107409609717e-13,2.0212319631899367e-13,2.0209854409690562e-13,18.231386439200083
2.0,0,15000.0,15.0,0.0,0.0,0.0,0.0,18.231386439200083
2.0,0,15000.0,16.0,0.0,0.0,0.0,0.0,18.231386439200083
2.0,0,15000.0,17.0,0.0,0.0,0.0,0.0,18.231386439200083
2.0,0,15000.0,18.0,0.0,0.0,0.0,0.0,18.231386439200083
2.0,0,15000.0,19.0,0.0,0.0,0.0,0.0,18.231386439200083
2.0,0,20000.0,0.0,1.199802657851976e-10,5.6721302904289195e-12,9.67158080182118e-10,2.6160244085319078e-11,21.051791736744523
2.0,0,20000.0,1.0,2.6641674461284275e-11,2.8336821363655227e-12,1.1613471473467632e-09,3.1339881453468374e-11,21.051791736744523
2.0,0,20000.0,2.0,3.652852681371454e-12,1.183054867351642e-12,1.8081610519470223e-09,3.15274926438198e-11,21.051791736744523
2.0,0,20000.0,3.0,2.935625162077729e-12,1.1285516298033999e-12,8.780040778740331e-10,2.7696825021012954e-11,21.051791736744523
2.0,0,20000.0,4.0,1.9325819670871916e-12,9.000627981561909e-13,4.6281869481870516e-10,1.902004479471704e-11,21.051791736744523
2.0,0,20000.0,5.0,1.3059789244111611e-12,7.322275320860463e-13,1.8286634354510559e-10,1.1322605385233116e-11,21.051791736744523
2.0,0,20000.0,6.0,1.447784451423356e-12,7.274818848547695e-13,3.42978590420906e-11,4.319035723549002e-12,21.051791736744523
2.0,0,20000.0,7.0,1.1374264612805673e-12,6.424095150306057e-13,1.6693694753391544e-12,9.008907396971719e-13,21.051791736744523
2.0,0,20000.0,8.0,7.477257855866403e-13,4.630184593273791e-13,1.076347719245016e-12,6.556525669696342e-13,21.051791736744523
2.0,0,20000.0,9.0,4.894184658225093e-13,3.219215291579986e-13,5.901448295402628e-13,4.562174888065937e-13,21.051791736744523
2.0,0,20000.0,10.0,3.508198144157334e-13,2.6384000524253215e-13,8.915633146740187e-13,6.953957222354979e-13,21.051791736744523
2.0,0,20000.0,11.0,3.1019644021772376e-13,2.2386007867706815e-13,9.984273032890958e-13,6.744811528403243e-13,21.051791736744523
2.0,0,20000.0,12.0,5.614836461575991e-14,3.969397638774493e-14,4.251197874823458e-13,4.250725588533623e-13,21.051791736744523
2.0,0,20000.0,13.0,3.9984808638758686e-15,2.8267427351761922e-15,1.5014570465907374e-13,1.5012844293291115e-13,21.051791736744523
2.0,0,20000.0,14.0,1.972187977868447e-13,1.971963446432085e-13,1.6290590829943586e-13,1.6288730642574696e-13,21.051791736744523
2.0,0,20000.0,15.0,0.0,0.0,0.0,0.0,21.051791736744523
2.0,0,20000.0,16.0,0.0,0.0,0.0,0.0,21.051791736744523
2.0,0,20000.0,17.0,0.0,0.0,0.0,0.0,21.051791736744523
2.0,0,20000.0,18.0,0.0,0.0,0.0,0.0,21.051791736744523
2.0,0,30000.0,0.0,8.952705815563215e-11,6.464476382630852e-12,8.136684887446092e-10,2.3553547498624574e-11,25.783073963181685
2.0,0,30000.0,1.0,8.313421369315021e-11,6.1782421542071155e-12,1.0331938496042855e-09,2.969747307950348e-11,25.783073963181685
2.0,0,30000.0,2.0,6.282153022519374e-11,5.125467093080977e-12,2.3041142850777006e-09,2.968097658858973e-11,25.783073963181685
2.0,0,30000.0,3.0,5.681323786704987e-11,4.585582108566912e-12,7.248534998858486e-10,2.511502080102204e-11,25.783073963181685
2.0,0,30000.0,4.0,4.792930498472886e-11,4.132546987922763e-12,4.0092415625776674e-10,1.7171011414479622e-11,25.783073963181685
2.0,0,30000.0,5.0,3.9519814217646973e-11,3.379945737062703e-12,2.2377673372962766e-10,1.2294441762976088e-11,25.783073963181685
2.0,0,30000.0,6.0,2.440438367121864e-11,2.4117478452221507e-12,1.3093602746171893e-10,8.918992078788848e-12,25.783073963181685
2.0,0,30000.0,7.0,1.2887102914360725e-11,1.4613020775414499e-12,7.56835499233584e-11,6.401122651475419e-12,25.783073963181685
2.0,0,30000.0,8.0,2.406590289908441e-12,5.472374206768567e-13,3.6798567413676835e-11,4.174531329553823e-12,25.783073963181685
2.0,0,30000.0,9.0,6.96967110812604e-14,6.968957550805704e-14,9.085310964834276e-12,1.735236977089775e-12,25.783073963181685
2.0,0,30000.0,10.0,4.595457762091018e-14,4.59499244003375e-14,1.9049067279532018e-13,1.495141330245648e-13,25.783073963181685
2.0,0,30000.0,11.0,1.8326413484195253e-13,1.8324563405027515e-13,1.48935904010884e-13,1.4892086529685454e-13,25.783073963181685
2.0,0,30000.0,12.0,0.0,0.0,0.0,0.0,25.783073963181685
2.0,0,30000.0,13.0,0.0,0.0,0.0,0.0,25.783073963181685
2.0,0,30000.0,14.0,0.0,0.0,0.0,0.0,25.783073963181685
2.0,0,40000.0,0.0,1.6130863864166372e-11,2.3541816003269057e-12,7.873298301968362e-10,2.2971414792757357e-11,29.771729386357958
2.0,0,40000.0,1.0,2.371118614395543e-11,2.696832944516865e-12,1.0527831846296582e-09,3.0392260066123006e-11,29.771729386357958
2.0,0,40000.0,2.0,2.5315221994408535e-11,2.915618861018056e-12,2.013319448671012e-09,3.070883960855679e-11,29.771729386357958
2.0,0,40000.0,3.0,2.4171569318272287e-11,3.032439734569079e-12,7.038580989556041e-10,2.5351529903050658e-11,29.771729386357958
2.0,0,40000.0,4.0,2.2983035473335987e-11,2.9977435964363227e-12,3.7268733326093605e-10,1.7148895380649954e-11,29.771729386357958
2.0,0,40000.0,5.0,2.1193962971146586e-11,3.1052491350995354e-12,2.2504253401225983e-10,1.2471954200893273e-11,29.771729386357958
2.0,0,40000.0,6.0,2.0316172918312985e-11,3.0731854505421898e-12,1.477341262919254e-10,9.584198398445947e-12,29.771729386357958
2.0,0,40000.0,7.0,1.772137810632578e-11,2.8998557841330632e-12,9.932559899431428e-11,7.558683424358918e-12,29.771729386357958
2.0,0,40000.0,8.0,1.5887102163760862e-11,2.5384319223310695e-12,6.89426280595373e-11,6.058633943076131e-12,29.771729386357958
2.0,0,40000.0,9.0,1.4598053949521582e-11,2.4151781038486435e-12,4.30563636842143e-11,4.4529031445109865e-12,29.771729386357958
2.0,0,40000.0,10.0,1.4135570726840185e-11,2.395428829734162e-12,3.148682270572825e-11,3.749892883514782e-12,29.771729386357958
2.0,0,40000.0,11.0,1.3501597067683518e-11,2.1523871338908226e-12,1.9198178870594293e-11,2.6822755816926667e-12,29.771729386357958
2.0,0,40000.0,12.0,1.3390781344296017e-11,2.118243017421453e-12,1.1731212627778108e-11,2.1324789445778085e-12,29.771729386357958
2.0,0,40000.0,13.0,1.1339764702541226e-11,1.8356694609175224e-12,6.145388089235076e-12,1.3523070938550451e-12,29.771729386357958
2.0,0,40000.0,14.0,9.713111551622039e-12,1.5864350639646693e-12,3.4773761023294303e-12,9.260050360398586e-13,29.771729386357958
2.0,0,40000.0,15.0,7.2060569258899425e-12,1.2571224371953752e-12,1.313999095841327e-12,4.924503603168865e-13,29.771729386357958
2.0,0,40000.0,16.0,2.015951836305499e-12,2.5546944678730376e-13,2.758954592050335e-14,2.7586779258914775e-14,29.771729386357958
2.0,0,40000.0,17.0,0.0,0.0,0.0,0.0,29.771729386357958
2.0,0,40000.0,18.0,0.0,0.0,0.0,0.0,29.771729386357958
2.0,0,40000.0,19.0,0.0,0.0,0.0,0.0,29.771729386357958
2.0,0,40000.0,20.0,0.0,0.0,0.0,0.0,29.771729386357958
2.0,0,40000.0,21.0,0.0,0.0,0.0,0.0,29.771729386357958
